Day1:15.5,45,12.2,0.0
Day2:16.7,50,10.8,1.2
Day3:17.0,48,9.5,0.5
Day4:18.3,47,11.0,0.0
Day5:19.2,43,14.1,0.0
Day6:20.1,49,13.3,2.1
Day7:21.5,51,8.9,4.0
Day8:22.3,55,7.8,5.2
Day9:23.4,58,12.4,3.1
Day10:24.1,60,15.2,1.0
Day11:25.5,62,10.5,0.0
Day12:26.7,65,9.7,0.0
Day13:27.8,63,11.6,0.0
Day14:28.1,60,13.2,0.0
Day15:27.5,59,12.0,0.0
Day16:26.4,57,11.4,0.0
Day17:25.3,55,10.8,0.0
Day18:24.7,53,9.9,0.0
Day19:23.8,51,8.3,0.0
Day20:22.9,49,7.7,0.0
Day21:21.6,48,6.5,0.0
Day22:20.3,47,5.4,0.0
Day23:19.1,45,4.6,0.0
Day24:17.9,43,3.7,0.0
Day25:16.6,42,4.1,0.0
Day26:15.4,40,5.5,0.0
Day27:14.7,38,6.2,0.0
Day28:13.9,37,7.0,0.0
Day29:13.2,36,7.8,0.0
Day30:12.5,35,8.6,0.0