Day1:27.5,45,5.2,0.0
Day2:28.0,48,6.1,0.0
Day3:28.3,50,7.0,0.0
Day4:27.8,52,6.5,0.0
Day5:28.1,50,7.2,0.0
Day6:29.0,49,5.8,0.0
Day7:30.2,47,6.2,0.0
Day8:31.1,45,7.1,0.0
Day9:32.0,43,6.8,1.2
Day10:31.5,44,5.9,0.0
Day11:30.7,46,6.7,0.0
Day12:29.8,48,5.4,0.0
Day13:28.9,50,7.3,0.0
Day14:28.4,52,6.1,0.0
Day15:27.6,53,7.5,2.3
Day16:28.7,50,5.7,0.0
Day17:29.5,48,6.9,0.0
Day18:30.3,47,7.2,0.0
Day19:31.0,45,6.6,0.0
Day20:32.2,44,7.4,0.0
Day21:33.1,42,6.3,0.0
Day22:32.5,43,5.5,0.0
Day23:31.7,44,6.4,0.0
Day24:30.8,46,5.6,1.5
Day25:29.9,48,6.5,0.0
Day26:29.0,50,7.7,0.0
Day27:28.5,52,6.2,0.0
Day28:27.7,53,5.8,3.4
Day29:28.8,51,7.6,0.0
Day30:29.6,49,6.0,0.0