Day1:15.0,40,10.2,1.5
Day2:15.5,42,10.5,2.0
Day3:16.0,45,10.8,2.5
Day4:16.5,48,11.1,3.0
Day5:17.0,50,11.4,3.5
Day6:17.5,52,11.7,4.0
Day7:18.0,55,12.0,4.5
Day8:18.5,58,12.3,5.0
Day9:19.0,60,12.6,5.5
Day10:19.5,62,12.9,6.0
Day11:20.0,65,13.2,6.5
Day12:20.5,67,13.5,7.0
Day13:21.0,70,13.8,7.5
Day14:21.5,72,14.1,8.0
Day15:22.0,75,14.4,8.5
Day16:22.5,77,14.7,9.0
Day17:23.0,80,15.0,9.5
Day18:23.5,82,15.3,10.0
Day19:24.0,85,15.6,10.5
Day20:24.5,87,15.9,11.0
Day21:25.0,90,16.2,11.5
Day22:25.5,92,16.5,12.0
Day23:26.0,95,16.8,12.5
Day24:26.5,97,17.1,13.0
Day25:27.0,100,17.4,13.5
Day26:27.5,98,17.7,14.0
Day27:28.0,96,18.0,14.5
Day28:28.5,94,18.3,15.0
Day29:29.0,92,18.6,15.5
Day30:29.5,90,18.9,16.0